
0.0
18.75
62.5
0.0
30.0
0.0
15.3846153846
37.5
5.0
9.67741935484
0.0
37.5
15.3846153846
0.0
0.0
16.6666666667
14.2857142857
0.0
0.0
20.5882352941
14.2857142857
30.0
18.1818181818
27.2727272727
15.0
0.0
16.6666666667
0.0
0.0
50.0
0.0
0.0
0.0
0.0
42.8571428571
0.0
37.5
26.0869565217
13.3333333333
6.66666666667
0.0
34.6153846154
0.0
0.0
0.0
0.0
0.0
0.0
0.0
33.3333333333
0.0
0.0
0.0
0.0
0
25.0
0.0
-8.33333333333
12.5
37.5
14.2857142857
11.5384615385
0.0
5.55555555556
18.75
41.6666666667
44.4444444444
8.33333333333
19.2307692308
6.25
0.0
50.0
37.5
0.0
0.0
0.0
0.0
0.0
17.6470588235
0.0
0.0
0.0
13.3333333333
28.5714285714
8.33333333333
0.0
33.9285714286
8.62068965517
36.6666666667
-1400.0
20.8333333333
0.0
11.7647058824
16.6666666667
12.5
0.0
21.4285714286
6.89655172414
0.0
0.0
21.4285714286
0.0
15.0
0.0
15.0
0.0
0.0
0.0
30.0
0.0
0.0
7.14285714286
4.54545454545
26.5625
0.0
6.52173913043
25.0
0.0
0.0
27.2727272727
0.0
12.5
0.0
7.14285714286
0.0
12.5
10.7142857143
0.0
1.61290322581
21.4285714286
0.0
33.3333333333
50.0
0.0
43.75
11.7647058824
0.0
0.0
12.5
12.5
37.5
12.5
36.3636363636
6.25
9.09090909091
12.5
29.4117647059
21.4285714286
56.25
25.0
0.0
0.0
35.0
0.0
28.5714285714
-50.0
18.4210526316
21.875
0.0
19.2307692308
0.0
36.3636363636
17.8571428571
13.3333333333
22.7272727273
23.8095238095
0.0
0.0
32.5
8.82352941176
33.3333333333
16.1764705882
0.0
0.0
0.0
0.0
12.5
32.0
0.0
16.6666666667
10.0
0.0
0.0
18.75
10.7142857143
27.5
22.7272727273
2.27272727273
0.0
0.0
40.9090909091
34.6153846154
0.0
0.0
0.0
0.0
6.25
16.6666666667
26.6666666667
0.0
0.0
40.625
0.0
21.4285714286
37.5
30.0
6.52173913043
23.9130434783
0.0
35.7142857143
35.0
25.0
0.0
0.0
10.0
20.0
10.7142857143
0.0
5.76923076923
0.0
0.0
37.5
12.5
0.0
0.0
0.0
0.0
12.5
0.0
27.7777777778
27.2727272727
23.5294117647
9.375
29.1666666667
0.0
0.0
0.0
0.0
15.625
7.5
20.8333333333
40.0
0.0
26.0
0.0
0.0
8.82352941176
0.0
35.2941176471
38.0952380952
37.5
10.0
25.0
45.0
0.0
25.0
30.0
0.0
21.4285714286
14.2857142857
0.0
40.0
25.0
0.0
0.0
0.0
0.0
25.0
0.0
26.0869565217
44.4444444444
6.52173913043
25.0
31.8181818182
25.0
13.3333333333
25.0
0.0
0.0
0.0
0
2.94117647059
23.5294117647
15.625
47.3684210526
0.0
0.0
8.33333333333
0.0
0.0
28.5714285714
0.0
7.14285714286
0.0
0.0
0.0
14.2857142857
0.0
7.5
0
25.0
31.25
0.0
6.81818181818
0.0
37.5
0.0
0.0
25.0
41.6666666667
0.0
0.0
0.0
0.0
0.0
16.6666666667
29.4117647059
0.0
0.0
28.5714285714
5.88235294118
27.7777777778
0.0
0.0
30.0
-13.6363636364
0.0
0.0
0.0
8.33333333333
0.0
2.77777777778
41.0714285714
0.0
0.0
0.0
40.0
0.0
34.6153846154
0.0
0.0
11.5384615385
0.0
32.3529411765
0.0
0.0
0.0
0.0
-5.55555555556
0.0
0.0
0.0
0.0
0.0
66.6666666667
0.0
18.1818181818
0.0
18.75
0.0
26.9230769231
0.0
33.3333333333
41.6666666667
10.0
8.33333333333
3.57142857143
20.0
0.0
24.0740740741
16.6666666667
0.0
0.0
23.6842105263
8.33333333333
20.0
0.0
26.9230769231
0.0
43.75
0.0
20.0
30.0
11.5384615385
20.8333333333
41.6666666667
0.0
0.0
20.4545454545
35.7142857143
16.6666666667
15.0
0.0
0.0
10.0
37.5
0
0.0
0.0
40.9090909091
18.75
10.0
0.0
21.4285714286
0.0
50.0
16.6666666667
25.0
40.0
6.81818181818
2.77777777778
22.2222222222
11.1111111111
0.0
8.33333333333
0.0
33.3333333333
0.0
0.0
0.0
29.4117647059
0.0
0.0
0.0
5.0
13.1578947368
25.5102040816
17.1428571429
0.0
16.6666666667
0.0
40.9090909091
10.0
25.0
0.0
12.5
14.2857142857
0.0
33.3333333333
37.5
0.0
0.0
0.0
22.2222222222
0.0
31.8181818182
35.0
22.9166666667
13.6363636364
16.6666666667
2.63157894737
18.75
11.7647058824
0.0
0.0
11.1111111111
26.1904761905
0.0
30.303030303
21.4285714286
15.0684931507
0.0
31.8181818182
28.5714285714
0.0
0.0
0.0
33.3333333333
12.5
0.0
0.0
0
0.0
7.69230769231
0.0
0.0
0.0
0.0
0.0
29.1666666667
14.2857142857
24.0740740741
39.4736842105
0.0
38.8888888889
37.5
13.6363636364
0.0
0.0
0.0
0.0
37.5
25.0
0.0
25.0
0.0
17.5
16.6666666667
15.9090909091
21.4285714286
0.0
0.0
0.0
13.6363636364
25.0
32.5
22.5806451613
42.6470588235
25.0
0
29.1666666667
35.0
0.0
0.0
50.0
0.0
35.0
0.0
0.0
0.0
23.0769230769
11.5384615385
11.3636363636
0.0
23.9130434783
0.0
14.2857142857
15.0
0.0
0.0
0.0
0.0
32.6923076923
11.7647058824
0.0
21.4285714286
-12.5
0.0
38.2352941176
0.0
5.88235294118
31.4285714286
31.25
0.0
0.0
0.0
15.0
25.0
5.55555555556
0.0
0.0
0.0
25.0
0.0
33.3333333333
42.8571428571
0.0
0.0
0.0
33.3333333333
0.0
36.1111111111
2.38095238095
0.0
3.84615384615
21.4285714286
0.0
30.0
0.0
0.0
0.0
6.25
0.0
0.0
0.0
0.0
0.0
5.1724137931
35.7142857143
0.0
0.0
0.0
-50.0
12.5
18.75
0.0
0.0
0.0
36.3636363636
0.0
10.7142857143
5.0
19.2307692308
0.0
6.52173913043
45.8333333333
0.0
0.0
30.0
9.375
0.0
14.2857142857
36.3636363636
12.5
0.0
0.0
0.0
20.8333333333
0.0
0.0
0.0
0.0
0.0
12.5
30.7692307692
0.0
0.0
0.0
0.0
0.0
7.14285714286
0.0
30.0
0.0
0.0
7.69230769231
25.0
25.0
0.0
14.7058823529
0.0
33.3333333333
13.6363636364
36.6666666667
41.6666666667
0.0
48.0769230769
20.8333333333
37.5
0.0
0.0
33.3333333333
11.5384615385
0.0
25.0
0.0
0.0
18.1818181818
9.375
41.6666666667
16.6666666667
7.14285714286
0.0
0.0
-127.777777778
16.6666666667
18.75
0.0
33.3333333333
15.0
37.5
0
-16.6666666667
14.2857142857
0.0
0.0
0.0
0.0
0.0
0.0
4.0
0.0
38.8888888889
38.2352941176
11.5384615385
20.0
0.0
44.1176470588
0.0
30.0
0.0
11.1111111111
0.0
0.0
41.6666666667
21.4285714286
0
0.0
0.0
0.0
0.0
40.0
16.6666666667
0.0
0.0
0.0
0.0
0
7.5
38.4615384615
28.5714285714
0.0
0.0
0.0
25.0
0.0
10.8695652174
20.0
0.0
0.0
29.1666666667
19.4444444444
21.4285714286
28.5714285714
0.0
50.0
0
25.0
28.5714285714
0.0
18.75
33.3333333333
23.0769230769
0.0
38.4615384615
0.0
0.0
2.77777777778
50.0
42.8571428571
0.0
28.9473684211
0.0
35.7142857143
37.5
50.0
0.0
13.6363636364
11.1111111111
0.0
0.0
29.4117647059
35.7142857143
0.0
0.0
15.9090909091
37.5
18.75
16.6666666667
33.3333333333
15.3846153846
33.3333333333
42.8571428571
2.27272727273
0.0
14.2857142857
0.0
0.0
0.0
0.0
30.0
16.6666666667
7.14285714286
0.0
30.0
0.0
10.0
5.55555555556
8.33333333333
0.0
26.1904761905
55.0
0.0
33.3333333333
0.0
23.3333333333
0.0
33.3333333333
4.54545454545
11.1111111111
37.5
0.0
33.3333333333
6.81818181818
37.5
10.0
31.6666666667
31.25
10.0
18.1818181818
0.0
21.4285714286
33.3333333333
0.0
13.6363636364
-50.0
9.09090909091
0.0
0.0
18.75
30.0
25.0
0.0
46.875
0.0
11.3636363636
9.375
27.2727272727
0.0
0.0
0.0
0.0
19.3548387097
37.5
37.5
0.0
0.0
21.4285714286
0.0
0.0
0.0
0.0
0.0
0.0
50.0
31.25
0
0.0
38.8888888889
12.5
2.38095238095
10.0
10.6060606061
0.0
0.0
0.0
35.7142857143
0.0
0.0
6.0
0.0
33.3333333333
27.7777777778
13.6363636364
2.5
0.0
0.0
0.0
11.5384615385
37.5
0.0
0.0
0.0
0.0
20.0
0.0
27.2727272727
0.0
0.0
0.0
0.0
30.0
0.0
20.5882352941
13.6363636364
7.5
0.0
10.0
28.125
50.0
0.0
15.625
40.0
29.1666666667
0
20.8333333333
0.0
9.09090909091
0.0
22.9166666667
29.1666666667
0.0
0.0
5.0
24.1935483871
0.0
0.0
30.7692307692
6.81818181818
50.0
21.4285714286
7.69230769231
37.5
0.0
0.0
0.0
15.0
0.0
22.2222222222
25.0
0.0
0.0
12.0
40.0
41.6666666667
0.0
22.2222222222
0
13.6363636364
0.0
32.3529411765
0.0
0.0
40.0
0.0
8.33333333333
21.4285714286
0.0
0.0
0.0
7.89473684211
0.0
45.2380952381
0.0
50.0
25.0
0.0
17.5
23.3333333333
16.6666666667
0.0
25.0
0.0
33.3333333333
0.0
54.7619047619
34.7826086957
50.0
0.0
21.875
20.0
5.0
50.0
13.8888888889
0.0
16.6666666667
21.4285714286
0.0
33.3333333333
15.7894736842
0.0
0.0
0.0
0.0
21.4285714286
11.5384615385
26.4705882353
0.0
19.2307692308
21.4285714286
29.1666666667
30.0
4.7619047619
8.82352941176
0.0
25.0
0.0
0.0
0.0
11.1111111111
23.0769230769
13.0434782609
0.0
0.0
0.0
12.5
0.0
0.0
33.3333333333
30.7692307692
50.0
25.0
0.0
0.0
20.0
31.8181818182
0.0
27.2727272727
0.0
0.0
0.0
50.0
34.0909090909
10.0
0.0
16.6666666667
15.625
0.0
22.2222222222
37.5
38.8888888889
25.0
37.5
0.0
0.0
35.0
0.0
0.0
0.0
32.1428571429
0.0
55.0
27.7777777778
0.0
31.8181818182
33.3333333333
16.6666666667
27.7777777778
14.2857142857
8.33333333333
0.0
0.0
30.0
29.4117647059
18.4210526316
29.1666666667
0.0
21.875
0.0
16.6666666667
0.0
0.0
0.0
0.0
27.2727272727
11.7647058824
0.0
0.0
16.6666666667
0.0
25.0
12.5
0.0
0.0
30.0
17.1875
0.0
16.6666666667
33.3333333333
66.6666666667
16.6666666667
16.6666666667
16.6666666667
0.0
50.0
16.6666666667
25.0
6.81818181818
0.0
0.0
0.0
0.0
0.0
0.0
0.0
50.0
0.0
0.0
12.5
0.0
37.5
0.0
9.52380952381
5.55555555556
-50.0
33.3333333333
0.0
22.5
0.0
28.5714285714
50.0
25.0
18.75
20.0
0.0
18.1818181818
50.0
0.0
0.0
0.0
0.0
10.7142857143
0.0
0.0
25.0
23.0769230769
14.2857142857
12.5
41.6666666667
14.2857142857
0.0
2.38095238095
12.5
0
5.26315789474
16.6666666667
8.33333333333
0.0
0.0
0.0
35.2941176471
25.0
22.5
18.4210526316
7.69230769231
5.55555555556
0.0
0.0
0.0
0.0
22.2222222222
25.0
14.8148148148
13.6363636364
0.0
0.0
0.0
21.4285714286
20.4545454545
7.14285714286
32.1428571429
0.0
0.0
28.5714285714
0.0
0.0
0.0
5.26315789474
0.0
16.6666666667
0.0
22.2222222222
1.47058823529
26.4705882353
20.5882352941
0.0
0.0
0.0
38.6363636364
0.0
18.75
0.0
37.5
21.4285714286
0.0
30.8823529412
0.0
20.0
27.7777777778
19.0476190476
28.5714285714
15.625
45.8333333333
0.0
29.6296296296
11.1111111111
22.0930232558
13.6363636364
16.6666666667
0.0
0.0
25.0
0.0
0.0
38.4615384615
30.0
0.0
0.0
18.1818181818
15.2173913043
0.0
0.0
0.0
50.0
16.6666666667
35.7142857143
0.0
30.0
0.0
50.0
7.14285714286
0.0
0
20.0
0
0.0
28.5714285714
0.0
34.375
0.0
0.0
16.6666666667
0.0
15.0
50.0
14.2857142857
8.82352941176
0.0
50.0
0.0
26.9230769231
0.0
8.33333333333
20.4545454545
0.0
0.0
25.0
50.0
13.6363636364
0.0
25.0
25.0
20.0
0.0
21.4285714286
0.0
37.5
31.25
4.7619047619
0.0
30.0
22.2222222222
25.0
30.0
5.55555555556
0.0
0.0
0.0
0.0
5.0
18.75
0
30.0
0.0
0.0
0.0
0.0
0.0
13.6363636364
42.8571428571
21.4285714286
25.7142857143
25.0
8.33333333333
4.16666666667
9.09090909091
11.7647058824
16.6666666667
22.7272727273
25.0
0.0
0.0
33.3333333333
29.4117647059
9.09090909091
0.0
50.0
0.0
0.0
25.0
42.8571428571
16.6666666667
22.2222222222
9.09090909091
33.3333333333
0.0
19.4444444444
20.0
0.0
0.0
25.0
23.5294117647
15.0
0.0
50.0
2.27272727273
7.14285714286
12.5
17.6470588235
0.0
9.25925925926
0.0
10.0
37.5
50.0
2.77777777778
0.0
0.0
22.7272727273
0.0
0.0
30.0
0.0
0.0
0.0
0.0
10.3448275862
0.0
0.0
4.16666666667
0.0
0.0
9.52380952381
11.1111111111
16.6666666667
0.0
0.0
60.0
0.0
0.0
33.3333333333
31.25
0.0
0.0
38.8888888889
18.75
0.0
0.0
18.75
0
0.0
0.0
16.6666666667
5.88235294118
37.5
0.0
6.25
20.0
0.0
0.0
11.1111111111
26.9230769231
0.0
18.1818181818
13.3333333333
33.3333333333
16.6666666667
0.0
0.0
0.0
18.1818181818
20.0
25.0
30.0
25.0
16.6666666667
25.0
0.0
0.0
4.16666666667
14.2857142857
11.5384615385
31.25
22.2222222222
0.0
0.0
2.94117647059
0.0
0.0
50.0
33.3333333333
7.14285714286
14.2857142857
0.0
0.0
31.25
0.0
0.0
0.0
5.0
0.0
42.8571428571
30.0
0.0
50.0
37.5
31.25
25.0
33.3333333333
0.0
25.0
46.6666666667
16.6666666667
31.25
37.5
33.9285714286
2.17391304348
0.0
0.0
20.0
20.8333333333
0.0
0.0
0.0
7.89473684211
0.0
25.0
25.0
0.0
20.0
25.0
37.5
0.0
0.0
0.0
6.25
25.0
19.2307692308
0.0
0.0
13.4615384615
0.0
18.1818181818
13.6363636364
15.3846153846
0.0
26.6666666667
0.0
36.3636363636
33.3333333333
33.3333333333
42.8571428571
30.0
0.0
0.0
-50.0
27.2727272727
0.0
2.27272727273
0.0
21.4285714286
0.0
0.0
8.33333333333
21.4285714286
0.0
0.0
7.14285714286
0.0
20.4545454545
0.0
11.5384615385
22.2222222222
15.625
0.0
0.0
0.0
0.0
17.6470588235
0.0
21.0526315789
0.0
0.0
26.9230769231
0.0
37.5
37.5
0.0
0.0
18.75
6.25
12.5
17.8571428571
0.0
0.0
0.0
-25.0
0.0
18.75
25.0
0
0.0
0.0
0.0
20.8333333333
8.33333333333
0.0
0.0
21.4285714286
22.7272727273
0.0
30.0
13.6363636364
0.0
9.52380952381
0.0
15.2173913043
0.0
0.0
0.0
0.0
32.3529411765
11.9047619048
21.4285714286
0.0
0.0
16.6666666667
0.0
25.0
15.0
0.0
0.0
9.09090909091
16.6666666667
35.7142857143
11.1111111111
25.0
0.0
25.0
18.1818181818
21.4285714286
0.0
0.0
25.0
12.5
38.8888888889
33.3333333333
0.0
0.0
50.0
44.1176470588
42.1052631579
0.0
3.125
25.0
0.0
0.0
27.7777777778
30.0
37.5
0.0
21.4285714286
3.33333333333
23.9130434783
13.8888888889
29.1666666667
40.0
42.8571428571
32.3529411765
0.0
31.25
0
0.0
0.0
27.7777777778
0.0
0.0
16.6666666667
9.09090909091
0.0
0.0
28.5714285714
0.0
26.9230769231
19.1176470588
0.0
33.3333333333
38.8888888889
21.4285714286
0.0
25.0
24.0740740741
20.0
0.0
33.3333333333
23.0769230769
37.5
0.0
0.0
0.0
0.0
20.8333333333
33.3333333333
0.0
2.27272727273
9.09090909091
0.0
0.0
0.0
0.0
26.1904761905
33.3333333333
0.0
6.45161290323
0.0
0.0
20.0
0.0
27.2727272727
7.89473684211
29.4117647059
0.0
21.0526315789
30.8823529412
-12.5
0.0
17.5
0.0
33.3333333333
0.0
0.0
5.0
0.0
8.82352941176
58.3333333333
2.38095238095
0.0
15.0
25.0
0.0
0.0
0.0
9.52380952381
0.0
6.25
12.5
9.375
0.0
16.6666666667
50.0
0.0
8.69565217391
0.0
25.0
0.0
40.3846153846
31.25
0.0
35.7142857143
31.8181818182
33.3333333333
0.0
13.6363636364
37.5
66.6666666667
0.0
26.4705882353
0.0
0.0
27.7777777778
21.875
0.0
3.7037037037
0.0
2.27272727273
0.0
26.4705882353
26.9230769231
9.375
35.0
0.0
25.0
11.5384615385
12.5
5.55555555556
27.7777777778
0.0
0.0
0.0
0.0
0.0
27.2727272727
3.84615384615
45.4545454545
0.0
6.25
21.7391304348
0.0
8.33333333333
0.0
31.8181818182
18.75
9.375
0.0
0.0
3.84615384615
0.0
0.0
0.0
8.33333333333
0.0
0.0
0.0
33.3333333333
21.4285714286
10.7142857143
43.75
0.0
2.94117647059
0.0
0.0
0.0
0.0
19.0476190476
0.0
0.0
21.4285714286
0.0
-12.5
0.0
16.6666666667
21.4285714286
10.0
0.0
8.33333333333
15.625
25.0
0.0
0.0
0.0
0.0
0.0
0.0
0.0
33.3333333333
25.0
15.3846153846
32.3529411765
8.69565217391
0.0
29.1666666667
25.0
0.0
0.0
0.0
33.3333333333
29.1666666667
0.0
0.0
14.2857142857
0.0
0.0
25.0
0.0
15.0
15.0
0.0
0.0
25.0
0.0
0.0
40.0
27.7777777778
12.5
0.0
30.0
0.0
62.5
50.0
0.0
13.6363636364
27.7777777778
3.57142857143
19.4444444444
16.6666666667
27.2727272727
0.0
0.0
0.0
0.0
0.0
25.0
41.6666666667
50.0
25.0
38.8888888889
4.7619047619
0.0
5.76923076923
0.0
0.0
0.0
0.0
13.6363636364
0.0
50.0
0.0
15.0
8.33333333333
18.75
0.0
31.8181818182
0.0
15.0
35.7142857143
0.0
18.75
0.0
25.0
0.0
0.0
41.6666666667
0.0
0.0
22.2222222222
0.0
25.0
30.0
0.0
0.0
0.0
0.0
11.1111111111
20.8333333333
28.5714285714
15.0
0.0
0.0
26.9230769231
10.0
0.0
41.6666666667
15.2173913043
0.0
0.0
9.61538461538
17.3913043478
0.0
30.0
0.0
37.5
21.875
0.0
20.8333333333
0.0
16.6666666667
2.77777777778
11.5384615385
0.0
30.3571428571
0.0
0.0
18.0
0.0
0.0
38.8888888889
13.6363636364
25.0
10.7142857143
23.5294117647
25.0
0.0
18.75
16.6666666667
8.82352941176
29.1666666667
0.0
40.0
0.0
14.2857142857
0.0
0.0
0.0
22.2222222222
2.23880597015
20.0
8.33333333333
0.0
17.5
36.3636363636
56.25
10.5263157895
27.7777777778
26.9230769231
6.25
0.0
0.0
0.0
0.0
0.0
16.6666666667
0.0
5.76923076923
0.0
0.0
6.25
0.0
0.0
0.0
22.2222222222
30.0
0.0
17.8571428571
40.0
22.0
33.3333333333
0.0
12.5
8.0
0
25.0
2.38095238095
15.7894736842
25.0
0.0
8.82352941176
23.0769230769
11.1111111111
12.5
0.0
18.75
30.0
0.0
9.375
30.0
18.75
23.0769230769
38.8888888889
20.0
33.3333333333
12.5
0.0
0.0
0.0
0.0
50.0
0.0
40.9090909091
0.0
43.75
32.3529411765
11.7647058824
0.0
0.0
8.33333333333
3.33333333333
50.0
12.5
27.2727272727
10.5263157895
28.5714285714
0.0
50.0
45.0
10.7142857143
10.0
0.0
0.0
0.0
0.0
33.3333333333
2.0
0.0
0.0
35.7142857143
0.0
25.0
20.0
0.0
0.0
0.0
18.75
0.0
0.0
0.0
0.0
16.6666666667
0.0
3.125
0.0
50.0
21.875
18.75
18.1818181818
0.0
20.8333333333
28.5714285714
20.0
0.0
18.75
25.0
13.4615384615
0
9.09090909091
0.0
7.89473684211
0.0
0.0
0.0
3.33333333333
12.5
0.0
6.25
7.5
38.8888888889
0.0
0.0
35.7142857143
0.0
12.5
0.0
0.0
20.8333333333
40.9090909091
0.0
14.2857142857
25.0
32.1428571429
0.0
0
20.6896551724
33.3333333333
40.0
0
11.1111111111
0.0
20.0
0.0
26.9230769231
20.8333333333
10.0
0.0
0.0
0.0
18.1818181818
26.0869565217
7.14285714286
21.4285714286
36.2068965517
21.4285714286
4.83870967742
0.0
0
0.0
0.0
15.625
7.14285714286
16.6666666667
0.0
5.76923076923
21.4285714286
30.0
40.4761904762
0.0
0.0
29.1666666667
35.2941176471
0.0
0.0
7.14285714286
0.0
0.0
10.6060606061
0.0
0.0
21.4285714286
0.0
0.0
5.88235294118
13.3333333333
0.0
0.0
-8.33333333333
0.0
0.0
12.5
0.0
23.0769230769
14.2857142857
0
0.0
0.0
0.0
0.0
0.0
0.0
0.0
30.0
9.09090909091
0.0
0.0
0.0
0.0
0.0
0.0
0.0
12.5
0.0
7.14285714286
0.0
25.0
0.0
20.0
15.7894736842
0.0
0.0
31.8181818182
0.0
22.5
21.4285714286
0.0
33.3333333333
14.2857142857
37.5
0.0
0.0
30.7692307692
16.6666666667
0.0
0.0
27.2727272727
-50.0
38.8888888889
23.3333333333
40.4761904762
0.0
8.33333333333
20.8333333333
27.7777777778
50.0
0.0
38.8888888889
33.3333333333
10.0
0.0
5.0
34.6153846154
0.0
22.2222222222
20.0
19.4444444444
8.69565217391
0.0
6.25
0.0
5.55555555556
0.0
0.0
33.3333333333
0.0
25.0
30.0
0.0
0.0
35.0
0.0
34.6153846154
7.69230769231
25.0
0.0
0.0
0.0
0.0
30.0
9.09090909091
25.0
0.0
0.0
25.0
0.0
0.0
0.0
0.0
16.6666666667
0.0
0.0
24.0
0.0
0.0
0.0
30.0
0.0
0.0
26.1904761905
25.0
16.6666666667
0.0
0.0
11.5384615385
2.94117647059
18.9189189189
25.0
50.0
7.5
0.0
0.0
20.0
0.0
0
0.0
40.0
0.0
30.0
19.1176470588
38.8888888889
0.0
37.5
33.3333333333
6.25
0.0
38.8888888889
50.0
0.0
23.5294117647
0.0
0.0
27.7777777778
0.0
31.25
-25.0
23.3333333333
0.0
0.0
0.0
1.47058823529
25.7575757576
2.5
0.0
10.7142857143
7.14285714286
26.9230769231
0.0
7.14285714286
25.0
23.0769230769
44.1176470588
0.0
26.9230769231
30.0
30.0
29.1666666667
0.0
0.0
18.1818181818
10.0
33.3333333333
0.0
25.0
0.0
0.0
0.0
0.0
30.0
0.0
0.0
0.0
12.5
38.4615384615
33.3333333333
0.0
25.0
0.0
11.1111111111
14.7058823529
0.0
0.0
25.0
7.89473684211
0.0
0.0
0.0
0.0
0.0
0.0
25.0
4.54545454545
0.0
17.8571428571
0.0
9.09090909091
0.0
20.0
0.0
0.0
16.6666666667
0.0
-20.0
16.6666666667
20.0
0.0
7.69230769231
31.8181818182
21.4285714286
0.0
0.0
25.0
0.0
11.1111111111
4.54545454545
0.0
30.0
-50.0
7.14285714286
25.0
8.33333333333
11.3636363636
7.89473684211
13.6363636364
0.0
0.0
9.09090909091
7.14285714286
0.0
25.0
18.75
0.0
35.0
11.5384615385
0.0
58.3333333333
0.0
9.09090909091
0.0
36.3636363636
17.8571428571
0.0
0.0
16.6666666667
0.0
27.0833333333
25.0